!D|2|0|0|0|0|0|0|$
!D|2|6636|-12156|-484|2039|-1964|1663|$
!D|2|2448|-12432|-1060|4024|-208|9742|$
!D|2|8632|-9244|-3092|1420|755|-17|$
!D|2|9532|-9156|-3408|1434|-1309|-123|$
!D|2|-4460|-14056|-6892|5885|-8925|21743|$
!D|2|-6496|-10864|-7112|-1713|-7588|27767|$
!D|2|-2368|-4756|-404|-8255|-8644|32691|$
!D|2|-6484|-6936|-3376|-5597|-9089|29215|$
!D|2|4324|11432|6452|-6738|-1812|21273|$
!D|2|23236|30840|-384|-9694|22258|15066|$
!D|2|5032|21936|2264|702|-4552|-868|$
!D|2|2988|3928|1836|-3423|-11516|28570|$
!D|2|-768|25384|9420|1467|-5367|2881|$
!D|2|2352|22364|12740|5401|-12429|4758|$
!D|2|1828|19204|9516|9273|-8018|-880|$
!D|2|2948|15880|12016|19543|-14125|-2114|$
!D|2|4288|16772|-1184|16992|-1119|-3711|$
!D|2|7452|11740|-2844|10505|6365|-7431|$
!D|2|5436|19952|-15688|945|-1253|2882|$
!D|2|676|21852|8744|1700|826|-603|$
!D|2|2884|13748|-9052|12268|5674|-5349|$
!D|2|2252|15756|-5492|-18632|271|5634|$
!D|2|4040|13064|-556|-17913|9421|7551|$
!D|2|16|18216|-10996|-11155|-54|4718|$
!D|2|2136|19896|-11388|-3030|2599|43|$
!D|2|9544|13160|5804|-24044|6134|2155|$
!D|2|-5244|17064|17936|-10536|2980|-2926|$
!D|2|1280|18784|32767|11560|3304|5331|$
!D|2|-1668|23228|20984|2577|-4026|-1244|$
!D|2|3628|20788|12672|8230|-4284|-1990|$
!D|2|4616|22764|18372|5234|-10776|3120|$
!D|2|-680|19168|15236|12103|2367|-261|$
!D|2|6780|18424|4064|15256|-11308|-378|$
!D|2|6836|12020|-2544|15528|-2654|-9617|$
!D|2|-832|14784|-10568|11540|-5658|-4759|$
!D|2|8208|17380|-1660|16623|-6412|-2198|$
!D|2|2416|22100|10980|3114|-224|4222|$
!D|2|420|19196|-12072|2124|-5752|967|$
!D|2|1772|20496|-9736|-3776|802|1860|$
!D|2|2272|18392|-7400|-8562|-939|5184|$
!D|2|6272|17480|-7060|-13893|-594|6149|$
!D|2|3780|20788|-8944|-684|-684|1211|$
!D|2|6456|15652|-3868|-21089|8562|1837|$
!D|2|4492|13240|3984|-23007|15472|-2761|$
!D|2|-4012|14548|14844|-17133|13387|-4702|$
!D|2|-6864|17360|25596|-90|1231|-2979|$
!D|2|3556|20856|13256|-1930|-2421|-7783|$
!D|2|-2104|18976|11100|8986|-104|136|$
!D|2|-2492|18308|9676|1387|7259|-7845|$
!D|2|1348|23580|17192|16744|-8816|9162|$
!D|2|4708|20056|-5036|20688|-332|5859|$
!D|2|-1832|22716|7556|17880|3709|10669|$
!D|2|-1520|20128|10120|4014|-10605|-3708|$
!D|2|2072|17612|-6176|15813|-16889|6454|$
!D|2|3988|12716|-14352|13210|-3195|-2877|$
!D|2|3672|14060|-11496|3505|-6955|-2232|$
!D|2|1672|13944|-9060|15075|-6571|2187|$
!D|2|2440|16532|-13816|3219|4253|1163|$
!D|2|3660|17440|-16312|-2489|-1526|277|$
!D|2|3136|16644|-11480|-9381|-6177|4772|$
!D|2|3036|17164|-12956|-6279|-5045|3143|$
!D|2|5008|15960|-10960|-14786|-88|4821|$
!D|2|10196|14048|-6900|-21059|10079|227|$
!D|2|4104|14604|1892|-26364|11538|-6370|$
!D|2|-2236|18712|12416|-6742|14550|-10922|$
!D|2|92|16796|5004|-22823|15557|-8823|$
!D|2|-8180|20812|1044|-1052|21689|-12047|$
!D|2|-5640|15060|7336|4553|-3645|3180|$
!D|2|-7936|13556|4280|1630|-633|1917|$
!D|2|-6872|15464|9140|782|-631|5491|$
!D|2|-11160|17000|14288|7417|2535|6628|$
!D|2|-7568|16444|9468|16082|-12797|11731|$
!D|2|-6464|21152|6016|1147|7617|-22115|$
!D|2|-4776|13416|2824|15952|3676|5446|$
!D|2|1236|14652|-2780|14810|-5573|4807|$
!D|2|4240|14092|-9024|12322|-1165|1146|$
!D|2|4344|17924|-12668|1948|-3315|935|$
!D|2|3980|19480|-8900|-445|675|-361|$
!D|2|916|19996|-8188|-1076|919|-2218|$
!D|2|-2988|16964|-11272|-7857|281|115|$
!D|2|2576|12492|-5064|14650|1854|-737|$
!D|2|3372|11404|-740|-18648|211|3621|$
!D|2|3888|16156|196|-18556|9803|1782|$
!D|2|2844|14904|4952|-18155|11870|-2401|$
!D|2|-6260|18364|19160|-3531|11004|-10339|$
!D|2|-9808|20680|5936|17334|10877|-4526|$
!D|2|-9820|18344|5088|8883|-10630|-5820|$
!D|2|-8780|16644|4912|-1369|-3625|3791|$
!D|2|-4588|13980|3356|-1050|-2454|7669|$
!D|2|-5436|22284|11788|-149|-9084|8493|$
!D|2|-960|13460|-4024|-13245|-665|4772|$
!D|2|-1672|21272|19092|12564|-9255|7257|$
!D|2|-2776|16136|4948|10539|5420|3230|$
!D|2|5512|13960|-2216|15371|-17932|8095|$
!D|2|4204|14936|-4308|14969|-6636|-319|$
!D|2|2188|12636|-4176|18043|-5166|1233|$
!D|2|0|0|0|0|0|0|$
!D|2|1588|-4020|8332|2687|775|1522|$
!D|2|1220|-3796|8728|1425|-249|339|$
!D|2|400|-3244|9056|417|-773|1625|$
!D|2|-6312|1256|15120|7645|171|7134|$
!D|2|8|-2348|10332|1367|-714|2950|$
!D|2|-11324|2364|15124|8222|-2394|13936|$
!D|2|-8844|3580|18820|11622|-4284|24000|$
!D|2|-10224|7648|12424|14045|4977|24635|$
!D|2|-1624|6956|6020|17669|9929|32767|$
!D|2|12900|12548|4412|7266|4241|10812|$
!D|2|10988|19480|3624|2088|-2573|-6158|$
!D|2|8640|22740|6504|-6541|-5289|-5325|$
!D|2|6424|29664|11032|-6435|-9880|617|$
!D|2|10500|6932|7712|5931|9747|23172|$
!D|2|14328|17180|6340|15700|-9415|-4060|$
!D|2|8704|29180|12876|344|-21428|8387|$
!D|2|8524|14500|3476|17869|-5786|-9762|$
!D|2|12888|10776|-2284|16807|-4493|-14161|$
!D|2|-236|21208|-18512|8400|-11689|-9146|$
!D|2|14040|24640|10260|4306|-21196|5295|$
!D|2|6048|21700|-14176|-1366|-5875|4548|$
!D|2|7996|16764|-13432|-6658|2694|587|$
!D|2|10316|19496|-10288|-2009|-44|4390|$
!D|2|9736|18124|-7748|-10585|6594|6327|$
!D|2|12488|16340|936|-7046|13707|1429|$
!D|2|14024|15688|10260|-4692|20015|450|$
!D|2|17700|15032|7724|12590|19203|-7445|$
!D|2|8224|23160|7328|14561|7950|-15440|$
!D|2|6068|26012|1780|3887|4607|-11564|$
!D|2|5552|27956|6176|-1265|494|-3525|$
!D|2|7780|17848|2524|10082|15256|-20615|$
!D|2|6208|21968|-692|-790|-516|5048|$
!D|2|6672|23832|2664|-2078|756|3857|$
!D|2|8104|30852|8484|-2068|-8588|8502|$
!D|2|6744|27868|6668|52|-17612|15604|$
!D|2|12192|20744|8960|-236|-23487|9130|$
!D|2|16048|17696|1908|9755|-15808|-279|$
!D|2|12340|17392|-7108|3136|-16155|-2408|$
!D|2|-2452|18936|-8692|-450|-12308|-10596|$
!D|2|15384|17084|7460|3978|-17045|8805|$
!D|2|10840|18616|-7560|3477|5161|4496|$
!D|2|-4084|27624|-9480|10486|4383|2421|$
!D|2|11644|21176|-10608|309|3202|3157|$
!D|2|9920|22940|-6820|-2635|1253|-2242|$
!D|2|12328|18088|-5128|-866|7374|1989|$
!D|2|7708|16116|1824|3969|7209|2058|$
!D|2|12952|15440|4728|9103|13695|2171|$
!D|2|14412|16080|8488|9093|20499|-7128|$
!D|2|18064|17652|6172|2909|22034|-17909|$
!D|2|4360|24476|12400|6188|15065|-23480|$
!D|2|-1392|28152|2684|-3198|1863|-4401|$
!D|2|3948|26676|3508|-1258|-73|-3347|$
!D|2|5232|22668|604|-195|-147|-1553|$
!D|2|6372|26640|4908|9101|-673|-5941|$
!D|2|4128|31472|8684|-2023|-8446|10215|$
!D|2|8252|26488|6116|-2350|-21879|14586|$
!D|2|11724|19548|4560|2420|-21465|11616|$
!D|2|13636|16964|1016|3348|-14771|-4250|$
!D|2|9372|20408|5312|498|-19342|5596|$
!D|2|16628|12980|1652|8821|-3358|-13721|$
!D|2|7104|16360|-4704|11662|-4877|-16731|$
!D|2|-1108|24780|-1692|-3430|-7269|-4316|$
!D|2|4672|25004|-744|9639|5432|3669|$
!D|2|10308|21760|-8932|3661|2133|2087|$
!D|2|9612|23864|-7300|2280|403|-2398|$
!D|2|6208|25960|-6188|4864|2069|-290|$
!D|2|7140|17748|-8116|-2307|4121|-947|$
!D|2|9284|15992|2140|4594|8345|2793|$
!D|2|13836|17360|2028|4376|12924|595|$
!D|2|21364|17840|6896|6257|18814|-6334|$
!D|2|14668|18656|6648|9322|17078|-835|$
!D|2|13224|18844|1564|2126|13525|-23870|$
!D|2|5332|29476|6592|13505|-72|-12009|$
!D|2|1684|26240|-1712|-4490|-550|-3505|$
!D|2|8292|23012|4308|-1675|-1264|1666|$
!D|2|7156|22288|-4100|-2958|-581|2845|$
!D|2|6508|31272|8336|-4930|-7683|9706|$
!D|2|7080|28616|7512|-4937|-17472|19790|$
!D|2|14412|17248|3132|10744|-24954|3288|$
!D|2|8508|25028|11236|532|-23846|9760|$
!D|2|15796|14184|-7504|419|-18789|971|$
!D|2|8292|16484|-1468|-4311|-19482|-16706|$
!D|2|-4408|21384|4084|3126|-8534|-9606|$
!D|2|-1280|24696|-10668|7243|4513|6029|$
!D|2|10764|22056|-4868|3643|5389|-1002|$
!D|2|10668|23472|-2708|3385|18|-1112|$
!D|2|7680|17728|-10772|9442|11026|5537|$
!D|2|5384|23036|-1860|5315|4930|-2728|$
!D|2|7588|17872|-10196|10804|9093|3875|$
!D|2|10512|17648|-7392|9196|15083|3088|$
!D|2|20540|14968|-6116|6906|21346|-5857|$
!D|2|12136|30096|16464|-9638|13298|-23962|$
!D|2|0|0|0|0|0|0|$
!D|2|3604|25148|380|8194|-1993|-11827|$
!D|2|1792|24448|-3800|-3235|-583|-4705|$
!D|2|4900|28740|7072|-4562|2480|-5854|$
!D|2|6556|-8984|-6720|1977|-4487|-1820|$
!D|2|5948|-8588|-6420|5843|-7456|197|$
!D|2|9016|-10112|-5344|3043|-4134|-136|$
!D|2|7432|-8572|-6040|1113|-2604|-200|$
!D|2|6436|-9680|-4200|2797|-2537|2722|$
!D|2|-11848|-15736|-2584|20479|-26330|32767|$
!D|2|-2168|-9100|-5564|8994|-15117|10062|$
!D|2|-6144|-10768|3460|-3885|-20499|32767|$
!D|2|-6120|1636|6816|5909|2197|32453|$
!D|2|-1|-1|-1|-1|-1|-1|$
!D|2|-1888|6868|6992|1353|9054|20461|$
!D|2|-1|-1|-1|-1|-1|-1|$
!D|2|784|18060|568|146|3431|3826|$
!D|2|-456|20996|2316|4136|-2827|-2281|$
!D|2|-1628|24472|3972|3303|-5233|3425|$
!D|2|2684|24040|3132|3234|-1543|8179|$
!D|2|-3980|23492|4460|7339|-3590|-911|$
!D|2|-1056|20104|-1804|14172|-2087|-3278|$
!D|2|-440|20428|-8524|15638|-3107|4324|$
!D|2|-1|-1|-1|-1|-1|-1|$
!D|2|5480|16736|-8876|-1715|-9317|3912|$
!D|2|-2348|13688|-6304|6760|-7439|-2699|$
!D|2|-3164|10240|-7980|5109|-5472|-3158|$
!D|2|-1076|15556|-9520|-4975|-673|1492|$
!D|2|-2652|11912|-10820|-1442|58|3334|$
!D|2|-5388|14528|-6392|-4873|-1086|4429|$
!D|2|1720|14524|-10876|-2948|-1767|6857|$
!D|2|2408|21112|424|-12110|1962|6649|$
!D|2|2252|18140|-9156|-10233|-400|8357|$
!D|2|12140|19456|3280|-6801|8541|-2046|$
!D|2|8676|20484|436|-871|-3788|-1738|$
!D|2|-1652|22640|544|-4546|-1830|-2524|$
!D|2|-6120|27592|2668|-4405|1584|-6583|$
!D|2|-1876|25892|3624|-2176|1911|-214|$
!D|2|-724|22468|4656|254|-2043|5289|$
!D|2|1132|26032|9204|6705|-8825|1848|$
!D|2|3808|26976|2840|4418|-17474|9474|$
!D|2|2260|20916|-3844|7204|-16676|4881|$
!D|2|8364|17064|-1976|3897|-5743|-5642|$
!D|2|11188|20220|96|-789|-200|-10714|$
!D|2|2372|16888|3852|-649|3393|-15161|$
!D|2|-1116|15796|2088|4578|-55|-3238|$
!D|2|-2388|16612|-2300|2602|-853|-3623|$
!D|2|-1232|13732|-5960|-534|-2880|1527|$
!D|2|-5520|15108|-2492|3912|-2780|-1741|$
!D|2|-3520|15556|-3500|711|1325|412|$
!D|2|-5664|11328|-2832|2113|-1183|11745|$
!D|2|-6080|13820|-2792|87|760|512|$
!D|2|2608|15548|1436|-1520|5194|11286|$
!D|2|7400|18148|-2984|-5667|7614|5352|$
!D|2|-80|23796|5416|5002|12191|-12776|$
!D|2|2392|25120|3500|-6378|8241|-9696|$
!D|2|6708|24048|7004|-7750|7835|-4841|$
!D|2|-1000|21960|996|611|-346|1748|$
!D|2|-3124|23048|4712|-2640|1854|-2474|$
!D|2|-2696|23120|1352|-86|1759|226|$
!D|2|180|24476|2888|1457|-2612|4779|$
!D|2|1388|22888|-168|5851|-167|7066|$
!D|2|1612|22428|-412|6902|-2898|3274|$
!D|2|7160|20744|-692|8381|-7172|-3100|$
!D|2|5408|19296|-764|4677|-13789|3896|$
!D|2|3056|14552|1540|11890|-6284|-11931|$
!D|2|-492|12484|-124|11132|-5180|-11859|$
!D|2|-5152|12192|-3692|8014|-8187|-5710|$
!D|2|-6152|14276|-7856|2773|2425|-2035|$
!D|2|-5408|13668|-5244|6316|-2507|-5802|$
!D|2|-6480|11716|-2552|1742|5210|-2589|$
!D|2|-1416|8580|-1220|-10169|11541|14054|$
!D|2|2604|17528|-3200|-20210|11482|13335|$
!D|2|-8684|6268|-2980|1482|-2300|1850|$
!D|2|-2032|25284|2516|-10006|3392|-9853|$
!D|2|-1|-1|-1|-1|-1|-1|$
!D|2|-1808|24472|-3724|-16936|7989|-4151|$
!D|2|-5128|23676|2716|4309|-4400|-1357|$
!D|2|352|21492|692|543|-4094|7224|$
!D|2|-1120|26056|5460|5576|-87|5632|$
!D|2|1068|24496|-2304|13594|4135|1443|$
!D|2|8644|19352|-8000|4577|-3201|-683|$
!D|2|512|21980|-7252|13829|-3509|5463|$
!D|2|-2812|18228|-8780|5643|1549|-5373|$
!D|2|-3252|15372|-6628|13141|6354|368|$
!D|2|600|9596|-13348|11068|6345|655|$
!D|2|-3092|9856|-17684|6809|-2235|1554|$
!D|2|2800|15752|-13644|-4376|-494|805|$
!D|2|2352|12040|-14652|-2563|578|2586|$
!D|2|-1420|13200|-12460|-7834|-5680|1920|$
!D|2|-1476|10452|-12180|-14965|-7792|13779|$
!D|2|5724|14684|-5756|-9657|-3349|7987|$
!D|2|11332|19532|-5060|-10830|2140|5608|$
!D|2|12816|24064|13712|-4942|3512|-13392|$
!D|2|15380|21376|4236|-12855|11152|-15|$
!D|2|1532|27880|14504|-5311|-12064|-15104|$
!D|2|-3992|24944|856|3000|-3225|-6694|$
!D|2|-360|20324|5424|-1939|-1228|1188|$
!D|2|-468|22308|5196|-1057|-264|3559|$
!D|2|1488|26960|9396|4248|-1519|5583|$
!D|2|5564|25568|6192|14688|-6843|5342|$
!D|2|1784|22748|-976|12515|536|-416|$
!D|2|0|0|0|0|0|0|$
!D|2|6636|-12156|-484|2039|-1964|1663|$
!D|2|2448|-12432|-1060|4024|-208|9742|$
!D|2|8632|-9244|-3092|1420|755|-17|$
!D|2|9532|-9156|-3408|1434|-1309|-123|$
!D|2|-4460|-14056|-6892|5885|-8925|21743|$
!D|2|-6496|-10864|-7112|-1713|-7588|27767|$
!D|2|-2368|-4756|-404|-8255|-8644|32691|$
!D|2|-6484|-6936|-3376|-5597|-9089|29215|$
!D|2|4324|11432|6452|-6738|-1812|21273|$
!D|2|23236|30840|-384|-9694|22258|15066|$
!D|2|5032|21936|2264|702|-4552|-868|$
!D|2|2988|3928|1836|-3423|-11516|28570|$
!D|2|-768|25384|9420|1467|-5367|2881|$
!D|2|2352|22364|12740|5401|-12429|4758|$
!D|2|1828|19204|9516|9273|-8018|-880|$
!D|2|2948|15880|12016|19543|-14125|-2114|$
!D|2|4288|16772|-1184|16992|-1119|-3711|$
!D|2|7452|11740|-2844|10505|6365|-7431|$
!D|2|5436|19952|-15688|945|-1253|2882|$
!D|2|676|21852|8744|1700|826|-603|$
!D|2|2884|13748|-9052|12268|5674|-5349|$
!D|2|2252|15756|-5492|-18632|271|5634|$
!D|2|4040|13064|-556|-17913|9421|7551|$
!D|2|16|18216|-10996|-11155|-54|4718|$
!D|2|2136|19896|-11388|-3030|2599|43|$
!D|2|9544|13160|5804|-24044|6134|2155|$
!D|2|-5244|17064|17936|-10536|2980|-2926|$
!D|2|1280|18784|32767|11560|3304|5331|$
!D|2|-1668|23228|20984|2577|-4026|-1244|$
!D|2|3628|20788|12672|8230|-4284|-1990|$
!D|2|4616|22764|18372|5234|-10776|3120|$
!D|2|-680|19168|15236|12103|2367|-261|$
!D|2|6780|18424|4064|15256|-11308|-378|$
!D|2|6836|12020|-2544|15528|-2654|-9617|$
!D|2|-832|14784|-10568|11540|-5658|-4759|$
!D|2|8208|17380|-1660|16623|-6412|-2198|$
!D|2|2416|22100|10980|3114|-224|4222|$
!D|2|420|19196|-12072|2124|-5752|967|$
!D|2|1772|20496|-9736|-3776|802|1860|$
!D|2|2272|18392|-7400|-8562|-939|5184|$
!D|2|6272|17480|-7060|-13893|-594|6149|$
!D|2|3780|20788|-8944|-684|-684|1211|$
!D|2|6456|15652|-3868|-21089|8562|1837|$
!D|2|4492|13240|3984|-23007|15472|-2761|$
!D|2|-4012|14548|14844|-17133|13387|-4702|$
!D|2|-6864|17360|25596|-90|1231|-2979|$
!D|2|3556|20856|13256|-1930|-2421|-7783|$
!D|2|-2104|18976|11100|8986|-104|136|$
!D|2|-2492|18308|9676|1387|7259|-7845|$
!D|2|1348|23580|17192|16744|-8816|9162|$
!D|2|4708|20056|-5036|20688|-332|5859|$
!D|2|-1832|22716|7556|17880|3709|10669|$
!D|2|-1520|20128|10120|4014|-10605|-3708|$
!D|2|2072|17612|-6176|15813|-16889|6454|$
!D|2|3988|12716|-14352|13210|-3195|-2877|$
!D|2|3672|14060|-11496|3505|-6955|-2232|$
!D|2|1672|13944|-9060|15075|-6571|2187|$
!D|2|2440|16532|-13816|3219|4253|1163|$
!D|2|3660|17440|-16312|-2489|-1526|277|$
!D|2|3136|16644|-11480|-9381|-6177|4772|$
!D|2|3036|17164|-12956|-6279|-5045|3143|$
!D|2|5008|15960|-10960|-14786|-88|4821|$
!D|2|10196|14048|-6900|-21059|10079|227|$
!D|2|4104|14604|1892|-26364|11538|-6370|$
!D|2|-2236|18712|12416|-6742|14550|-10922|$
!D|2|92|16796|5004|-22823|15557|-8823|$
!D|2|-8180|20812|1044|-1052|21689|-12047|$
!D|2|-5640|15060|7336|4553|-3645|3180|$
!D|2|-7936|13556|4280|1630|-633|1917|$
!D|2|-6872|15464|9140|782|-631|5491|$
!D|2|-11160|17000|14288|7417|2535|6628|$
!D|2|-7568|16444|9468|16082|-12797|11731|$
!D|2|-6464|21152|6016|1147|7617|-22115|$
!D|2|-4776|13416|2824|15952|3676|5446|$
!D|2|1236|14652|-2780|14810|-5573|4807|$
!D|2|4240|14092|-9024|12322|-1165|1146|$
!D|2|4344|17924|-12668|1948|-3315|935|$
!D|2|3980|19480|-8900|-445|675|-361|$
!D|2|916|19996|-8188|-1076|919|-2218|$
!D|2|-2988|16964|-11272|-7857|281|115|$
!D|2|2576|12492|-5064|14650|1854|-737|$
!D|2|3372|11404|-740|-18648|211|3621|$
!D|2|3888|16156|196|-18556|9803|1782|$
!D|2|2844|14904|4952|-18155|11870|-2401|$
!D|2|-6260|18364|19160|-3531|11004|-10339|$
!D|2|-9808|20680|5936|17334|10877|-4526|$
!D|2|-9820|18344|5088|8883|-10630|-5820|$
!D|2|-8780|16644|4912|-1369|-3625|3791|$
!D|2|-4588|13980|3356|-1050|-2454|7669|$
!D|2|-5436|22284|11788|-149|-9084|8493|$
!D|2|-960|13460|-4024|-13245|-665|4772|$
!D|2|-1672|21272|19092|12564|-9255|7257|$
!D|2|-2776|16136|4948|10539|5420|3230|$
!D|2|5512|13960|-2216|15371|-17932|8095|$
!D|2|4204|14936|-4308|14969|-6636|-319|$
!D|2|2188|12636|-4176|18043|-5166|1233|$
!D|2|0|0|0|0|0|0|$
!D|2|1588|-4020|8332|2687|775|1522|$
!D|2|1220|-3796|8728|1425|-249|339|$
!D|2|400|-3244|9056|417|-773|1625|$
!D|2|-6312|1256|15120|7645|171|7134|$
!D|2|8|-2348|10332|1367|-714|2950|$
!D|2|-11324|2364|15124|8222|-2394|13936|$
!D|2|-8844|3580|18820|11622|-4284|24000|$
!D|2|-10224|7648|12424|14045|4977|24635|$
!D|2|-1624|6956|6020|17669|9929|32767|$
!D|2|12900|12548|4412|7266|4241|10812|$
!D|2|10988|19480|3624|2088|-2573|-6158|$
!D|2|8640|22740|6504|-6541|-5289|-5325|$
!D|2|6424|29664|11032|-6435|-9880|617|$
!D|2|10500|6932|7712|5931|9747|23172|$
!D|2|14328|17180|6340|15700|-9415|-4060|$
!D|2|8704|29180|12876|344|-21428|8387|$
!D|2|8524|14500|3476|17869|-5786|-9762|$
!D|2|12888|10776|-2284|16807|-4493|-14161|$
!D|2|-236|21208|-18512|8400|-11689|-9146|$
!D|2|14040|24640|10260|4306|-21196|5295|$
!D|2|6048|21700|-14176|-1366|-5875|4548|$
!D|2|7996|16764|-13432|-6658|2694|587|$
!D|2|10316|19496|-10288|-2009|-44|4390|$
!D|2|9736|18124|-7748|-10585|6594|6327|$
!D|2|12488|16340|936|-7046|13707|1429|$
!D|2|14024|15688|10260|-4692|20015|450|$
!D|2|17700|15032|7724|12590|19203|-7445|$
!D|2|8224|23160|7328|14561|7950|-15440|$
!D|2|6068|26012|1780|3887|4607|-11564|$
!D|2|5552|27956|6176|-1265|494|-3525|$
!D|2|7780|17848|2524|10082|15256|-20615|$
!D|2|6208|21968|-692|-790|-516|5048|$
!D|2|6672|23832|2664|-2078|756|3857|$
!D|2|8104|30852|8484|-2068|-8588|8502|$
!D|2|6744|27868|6668|52|-17612|15604|$
!D|2|12192|20744|8960|-236|-23487|9130|$
!D|2|16048|17696|1908|9755|-15808|-279|$
!D|2|12340|17392|-7108|3136|-16155|-2408|$
!D|2|-2452|18936|-8692|-450|-12308|-10596|$
!D|2|15384|17084|7460|3978|-17045|8805|$
!D|2|10840|18616|-7560|3477|5161|4496|$
!D|2|-4084|27624|-9480|10486|4383|2421|$
!D|2|11644|21176|-10608|309|3202|3157|$
!D|2|9920|22940|-6820|-2635|1253|-2242|$
!D|2|12328|18088|-5128|-866|7374|1989|$
!D|2|7708|16116|1824|3969|7209|2058|$
!D|2|12952|15440|4728|9103|13695|2171|$
!D|2|14412|16080|8488|9093|20499|-7128|$
!D|2|18064|17652|6172|2909|22034|-17909|$
!D|2|4360|24476|12400|6188|15065|-23480|$
!D|2|-1392|28152|2684|-3198|1863|-4401|$
!D|2|3948|26676|3508|-1258|-73|-3347|$
!D|2|5232|22668|604|-195|-147|-1553|$
!D|2|6372|26640|4908|9101|-673|-5941|$
!D|2|4128|31472|8684|-2023|-8446|10215|$
!D|2|8252|26488|6116|-2350|-21879|14586|$
!D|2|11724|19548|4560|2420|-21465|11616|$
!D|2|13636|16964|1016|3348|-14771|-4250|$
!D|2|9372|20408|5312|498|-19342|5596|$
!D|2|16628|12980|1652|8821|-3358|-13721|$
!D|2|7104|16360|-4704|11662|-4877|-16731|$
!D|2|-1108|24780|-1692|-3430|-7269|-4316|$
!D|2|4672|25004|-744|9639|5432|3669|$
!D|2|10308|21760|-8932|3661|2133|2087|$
!D|2|9612|23864|-7300|2280|403|-2398|$
!D|2|6208|25960|-6188|4864|2069|-290|$
!D|2|7140|17748|-8116|-2307|4121|-947|$
!D|2|9284|15992|2140|4594|8345|2793|$
!D|2|13836|17360|2028|4376|12924|595|$
!D|2|21364|17840|6896|6257|18814|-6334|$
!D|2|14668|18656|6648|9322|17078|-835|$
!D|2|13224|18844|1564|2126|13525|-23870|$
!D|2|5332|29476|6592|13505|-72|-12009|$
!D|2|1684|26240|-1712|-4490|-550|-3505|$
!D|2|8292|23012|4308|-1675|-1264|1666|$
!D|2|7156|22288|-4100|-2958|-581|2845|$
!D|2|6508|31272|8336|-4930|-7683|9706|$
!D|2|7080|28616|7512|-4937|-17472|19790|$
!D|2|14412|17248|3132|10744|-24954|3288|$
!D|2|8508|25028|11236|532|-23846|9760|$
!D|2|15796|14184|-7504|419|-18789|971|$
!D|2|8292|16484|-1468|-4311|-19482|-16706|$
!D|2|-4408|21384|4084|3126|-8534|-9606|$
!D|2|-1280|24696|-10668|7243|4513|6029|$
!D|2|10764|22056|-4868|3643|5389|-1002|$
!D|2|10668|23472|-2708|3385|18|-1112|$
!D|2|7680|17728|-10772|9442|11026|5537|$
!D|2|5384|23036|-1860|5315|4930|-2728|$
!D|2|7588|17872|-10196|10804|9093|3875|$
!D|2|10512|17648|-7392|9196|15083|3088|$
!D|2|20540|14968|-6116|6906|21346|-5857|$
!D|2|12136|30096|16464|-9638|13298|-23962|$
!D|2|0|0|0|0|0|0|$
!D|2|3604|25148|380|8194|-1993|-11827|$
!D|2|1792|24448|-3800|-3235|-583|-4705|$
!D|2|4900|28740|7072|-4562|2480|-5854|$
!D|2|6556|-8984|-6720|1977|-4487|-1820|$
!D|2|5948|-8588|-6420|5843|-7456|197|$
!D|2|9016|-10112|-5344|3043|-4134|-136|$
!D|2|7432|-8572|-6040|1113|-2604|-200|$
!D|2|6436|-9680|-4200|2797|-2537|2722|$
!D|2|-11848|-15736|-2584|20479|-26330|32767|$
!D|2|-2168|-9100|-5564|8994|-15117|10062|$
!D|2|-6144|-10768|3460|-3885|-20499|32767|$
!D|2|-6120|1636|6816|5909|2197|32453|$
!D|2|-1|-1|-1|-1|-1|-1|$
!D|2|-1888|6868|6992|1353|9054|20461|$
!D|2|-1|-1|-1|-1|-1|-1|$
!D|2|784|18060|568|146|3431|3826|$
!D|2|-456|20996|2316|4136|-2827|-2281|$
!D|2|-1628|24472|3972|3303|-5233|3425|$
!D|2|2684|24040|3132|3234|-1543|8179|$
!D|2|-3980|23492|4460|7339|-3590|-911|$
!D|2|-1056|20104|-1804|14172|-2087|-3278|$
!D|2|-440|20428|-8524|15638|-3107|4324|$
!D|2|-1|-1|-1|-1|-1|-1|$
!D|2|5480|16736|-8876|-1715|-9317|3912|$
!D|2|-2348|13688|-6304|6760|-7439|-2699|$
!D|2|-3164|10240|-7980|5109|-5472|-3158|$
!D|2|-1076|15556|-9520|-4975|-673|1492|$
!D|2|-2652|11912|-10820|-1442|58|3334|$
!D|2|-5388|14528|-6392|-4873|-1086|4429|$
!D|2|1720|14524|-10876|-2948|-1767|6857|$
!D|2|2408|21112|424|-12110|1962|6649|$
!D|2|2252|18140|-9156|-10233|-400|8357|$
!D|2|12140|19456|3280|-6801|8541|-2046|$
!D|2|8676|20484|436|-871|-3788|-1738|$
!D|2|-1652|22640|544|-4546|-1830|-2524|$
!D|2|-6120|27592|2668|-4405|1584|-6583|$
!D|2|-1876|25892|3624|-2176|1911|-214|$
!D|2|-724|22468|4656|254|-2043|5289|$
!D|2|1132|26032|9204|6705|-8825|1848|$
!D|2|3808|26976|2840|4418|-17474|9474|$
!D|2|2260|20916|-3844|7204|-16676|4881|$
!D|2|8364|17064|-1976|3897|-5743|-5642|$
!D|2|11188|20220|96|-789|-200|-10714|$
!D|2|2372|16888|3852|-649|3393|-15161|$
!D|2|-1116|15796|2088|4578|-55|-3238|$
!D|2|-2388|16612|-2300|2602|-853|-3623|$
!D|2|-1232|13732|-5960|-534|-2880|1527|$
!D|2|-5520|15108|-2492|3912|-2780|-1741|$
!D|2|-3520|15556|-3500|711|1325|412|$
!D|2|-5664|11328|-2832|2113|-1183|11745|$
!D|2|-6080|13820|-2792|87|760|512|$
!D|2|2608|15548|1436|-1520|5194|11286|$
!D|2|7400|18148|-2984|-5667|7614|5352|$
!D|2|-80|23796|5416|5002|12191|-12776|$
!D|2|2392|25120|3500|-6378|8241|-9696|$
!D|2|6708|24048|7004|-7750|7835|-4841|$
!D|2|-1000|21960|996|611|-346|1748|$
!D|2|-3124|23048|4712|-2640|1854|-2474|$
!D|2|-2696|23120|1352|-86|1759|226|$
!D|2|180|24476|2888|1457|-2612|4779|$
!D|2|1388|22888|-168|5851|-167|7066|$
!D|2|1612|22428|-412|6902|-2898|3274|$
!D|2|7160|20744|-692|8381|-7172|-3100|$
!D|2|5408|19296|-764|4677|-13789|3896|$
!D|2|3056|14552|1540|11890|-6284|-11931|$
!D|2|-492|12484|-124|11132|-5180|-11859|$
!D|2|-5152|12192|-3692|8014|-8187|-5710|$
!D|2|-6152|14276|-7856|2773|2425|-2035|$
!D|2|-5408|13668|-5244|6316|-2507|-5802|$
!D|2|-6480|11716|-2552|1742|5210|-2589|$
!D|2|-1416|8580|-1220|-10169|11541|14054|$
!D|2|2604|17528|-3200|-20210|11482|13335|$
!D|2|-8684|6268|-2980|1482|-2300|1850|$
!D|2|-2032|25284|2516|-10006|3392|-9853|$
!D|2|-1|-1|-1|-1|-1|-1|$
!D|2|-1808|24472|-3724|-16936|7989|-4151|$
!D|2|-5128|23676|2716|4309|-4400|-1357|$
!D|2|352|21492|692|543|-4094|7224|$
!D|2|-1120|26056|5460|5576|-87|5632|$
!D|2|1068|24496|-2304|13594|4135|1443|$
!D|2|8644|19352|-8000|4577|-3201|-683|$
!D|2|512|21980|-7252|13829|-3509|5463|$
!D|2|-2812|18228|-8780|5643|1549|-5373|$
!D|2|-3252|15372|-6628|13141|6354|368|$
!D|2|600|9596|-13348|11068|6345|655|$
!D|2|-3092|9856|-17684|6809|-2235|1554|$
!D|2|2800|15752|-13644|-4376|-494|805|$
!D|2|2352|12040|-14652|-2563|578|2586|$
!D|2|-1420|13200|-12460|-7834|-5680|1920|$
!D|2|-1476|10452|-12180|-14965|-7792|13779|$
!D|2|5724|14684|-5756|-9657|-3349|7987|$
!D|2|11332|19532|-5060|-10830|2140|5608|$
!D|2|12816|24064|13712|-4942|3512|-13392|$
!D|2|15380|21376|4236|-12855|11152|-15|$
!D|2|1532|27880|14504|-5311|-12064|-15104|$
!D|2|-3992|24944|856|3000|-3225|-6694|$
!D|2|-360|20324|5424|-1939|-1228|1188|$
!D|2|-468|22308|5196|-1057|-264|3559|$
!D|2|1488|26960|9396|4248|-1519|5583|$
!D|2|5564|25568|6192|14688|-6843|5342|$
!D|2|1784|22748|-976|12515|536|-416|$