!D|1|0|0|0|0|0|0|$
!D|1|7860|22168|-9376|-5531|4963|3557|$
!D|1|7060|22540|-5040|1334|-836|32|$
!D|1|7960|22704|-4096|812|-1188|197|$
!D|1|5788|24248|-6260|315|-1127|1365|$
!D|1|9740|22164|6808|-10564|-5024|-1390|$
!D|1|8372|27488|5668|-10260|-32768|14429|$
!D|1|22268|19284|-15060|7317|-32768|23915|$
!D|1|10256|25532|18176|1627|-32768|-2035|$
!D|1|-40|22564|32767|-32768|-2441|2575|$
!D|1|29848|3604|168|-19953|157|-16161|$
!D|1|11448|14176|-1892|8221|-5183|9293|$
!D|1|14972|22560|11444|13375|30940|-11496|$
!D|1|552|19712|-4396|18416|32767|-32602|$
!D|1|17456|22348|8188|4278|2774|-6338|$
!D|1|3144|21232|-3656|-600|32767|-7766|$
!D|1|5056|22324|-5208|-6524|32767|-4181|$
!D|1|7892|25188|17180|-4909|12748|3470|$
!D|1|12100|23216|2532|-22294|11691|1957|$
!D|1|9984|25300|13300|7586|-26850|-167|$
!D|1|6232|27468|2972|-5733|-32768|12866|$
!D|1|8008|23636|3884|-1511|-5023|-2567|$
!D|1|4756|6552|-456|-32768|12721|-15529|$
!D|1|27108|4960|-26116|-21921|-22954|21897|$
!D|1|18884|19660|17496|4283|-4980|-1134|$
!D|1|27476|16188|7676|-6903|1176|250|$
!D|1|19056|16612|-11012|3594|-32768|32767|$
!D|1|20172|20548|6892|3228|8565|-1890|$
!D|1|13952|18880|9520|15896|32767|-31774|$
!D|1|-10088|18460|-8196|18997|32767|-32768|$
!D|1|-312|20508|-6116|-8033|32767|-3019|$
!D|1|8840|22888|-148|-16310|14329|-1327|$
!D|1|5668|24656|3360|-19960|20318|-6319|$
!D|1|6056|24440|2140|643|-6491|-2179|$
!D|1|10320|22848|2876|4189|-15670|-1033|$
!D|1|3900|23260|6408|1252|-32768|-4635|$
!D|1|19108|21184|-6376|791|-32768|25529|$
!D|1|14148|20292|8400|-18477|-4122|-9225|$
!D|1|7600|25156|16464|-2608|12134|1134|$
!D|1|19028|21996|-12888|-6371|-29655|16909|$
!D|1|13128|20372|17396|-18567|-3812|1730|$
!D|1|20656|18360|7364|1494|768|189|$
!D|1|14812|20508|5860|2119|-2787|2799|$
!D|1|15292|19952|9528|11122|15581|-11099|$
!D|1|1332|14584|3052|15527|32767|-32768|$
!D|1|-11904|15340|-12064|-13640|32767|-18628|$
!D|1|9892|24372|16428|-18852|2920|-3535|$
!D|1|8512|22192|1180|-23770|32767|1686|$
!D|1|9928|22748|3740|1259|-6170|2930|$
!D|1|7696|23360|3496|2587|-2702|4095|$
!D|1|11108|22364|11624|5304|-32768|-2038|$
!D|1|9700|26020|960|3866|-32768|14568|$
!D|1|30736|11396|-15804|-17809|-8631|4405|$
!D|1|14796|21908|-12920|7600|-32768|32218|$
!D|1|4832|19196|29236|-32768|2552|-5418|$
!D|1|14372|19096|10836|-1476|-2925|1152|$
!D|1|18708|21316|7540|3590|2442|628|$
!D|1|1784|17988|1972|8774|32767|-30904|$
!D|1|19416|20276|5792|17307|18354|-19737|$
!D|1|-6836|20720|-336|-18775|32767|-7724|$
!D|1|7772|22476|-2004|-15404|32767|-1925|$
!D|1|7976|27368|21676|-15915|7820|-794|$
!D|1|10212|23256|4036|211|-4870|314|$
!D|1|6416|23664|6392|1761|-32768|-4027|$
!D|1|4628|24916|1268|3577|-1398|1936|$
!D|1|-652|26084|9392|-232|-32768|5319|$
!D|1|20324|21940|-10588|8862|-32768|13765|$
!D|1|26636|14304|-14176|-10342|-27772|21155|$
!D|1|13652|27460|16768|3327|-3679|-2931|$
!D|1|11572|9336|12524|-32768|6637|-6840|$
!D|1|18976|14576|-188|-3263|2745|2596|$
!D|1|6896|14572|3728|17935|32767|-32768|$
!D|1|12412|22468|7200|14651|16239|-10876|$
!D|1|-10024|18088|-5096|-10451|32767|-10024|$
!D|1|2368|28856|15408|-12028|14636|-202|$
!D|1|6088|25284|6244|-4351|288|2154|$
!D|1|6616|21488|2468|-18524|32767|2721|$
!D|1|10420|22940|6792|-2064|-10046|-3192|$
!D|1|9964|22612|19272|7189|-32768|-11801|$
!D|1|-3132|25308|6392|17278|-32768|8552|$
!D|1|9900|23596|-13544|17580|-32768|30733|$
!D|1|32767|4740|-7928|-17016|-3758|13492|$
!D|1|10736|19536|8904|14304|-5131|-2084|$
!D|1|22572|21808|8204|-4091|5558|-4397|$
!D|1|6324|13256|29916|-32768|8609|-2214|$
!D|1|13048|18948|3668|6638|32277|-26360|$
!D|1|-16040|15284|-3444|63|32767|-32768|$
!D|1|-3132|16152|4376|-16242|32767|-3975|$
!D|1|6064|24588|540|-16525|32767|1867|$
!D|1|580|28632|4912|-17462|-4033|-557|$
!D|1|11832|21028|1860|-2382|2137|5587|$
!D|1|10020|23284|11528|-2312|-32768|-7451|$
!D|1|10512|25524|2788|3510|-32768|16735|$
!D|1|11224|22288|6540|-64|-10850|-786|$
!D|1|15812|19280|-13392|15287|-32768|26070|$
!D|1|29616|9736|-880|-19842|-3791|-4225|$
!D|1|0|0|0|0|0|0|$
!D|1|4836|22688|-784|789|-595|12|$
!D|1|5092|22552|-1212|201|43|-45|$
!D|1|4656|22396|-920|106|465|-21|$
!D|1|6496|25980|1528|4484|-8269|1520|$
!D|1|10548|27184|3008|2311|-32768|19554|$
!D|1|3440|21868|32767|-32768|-605|6366|$
!D|1|11108|15724|-8604|4726|-32768|8227|$
!D|1|11468|21140|28920|-25368|-19273|-16032|$
!D|1|8412|17092|-4664|18521|-32768|4286|$
!D|1|1364|26444|4540|514|3658|-2143|$
!D|1|-884|24164|3164|-1234|3133|-3380|$
!D|1|5752|20444|272|-227|31311|-3931|$
!D|1|1236|23472|4572|4527|15298|-6531|$
!D|1|6492|21800|-1292|-9836|32767|2116|$
!D|1|13020|25292|2964|-10216|32767|2452|$
!D|1|16908|26276|8836|-8818|25923|4321|$
!D|1|12944|26052|8580|4482|10705|-1228|$
!D|1|6276|24068|-3616|-2090|-2644|2115|$
!D|1|5004|23388|-1012|4249|-3324|574|$
!D|1|15524|23996|-564|2374|-32768|21347|$
!D|1|8512|24888|3360|2455|-13195|3139|$
!D|1|11164|25652|3172|-1717|-32768|8197|$
!D|1|23252|19736|-3636|5379|-32768|2698|$
!D|1|536|9396|3236|-14406|-24615|-4332|$
!D|1|3152|32767|19920|-9581|1771|-6229|$
!D|1|19260|19248|-3372|4175|-73|3173|$
!D|1|15072|24768|1480|-132|7055|1638|$
!D|1|14344|21772|6444|1388|22654|606|$
!D|1|6588|25968|5872|-2703|28090|-5990|$
!D|1|4948|25372|6124|-3183|32767|-5640|$
!D|1|8936|21600|5532|-2387|14895|-2311|$
!D|1|9732|21576|-1764|-4982|32767|3229|$
!D|1|12612|21520|1428|-6921|26458|124|$
!D|1|6144|21500|-1472|3779|1844|439|$
!D|1|7792|19888|-2716|167|-4237|-86|$
!D|1|5532|21900|-1788|-2139|-2895|1109|$
!D|1|15516|28060|5840|6396|-31749|1741|$
!D|1|15852|24716|-2644|9738|-32768|5641|$
!D|1|9408|24752|5108|4931|-14444|-1076|$
!D|1|17588|16076|-8376|12455|-32768|3968|$
!D|1|10188|14976|16084|-17704|-27020|1148|$
!D|1|4916|32767|10520|-5793|-7961|-8476|$
!D|1|7528|20396|-2016|979|-30|-1028|$
!D|1|8984|27564|3172|1474|4735|-3004|$
!D|1|7260|21324|4580|4573|21490|-5563|$
!D|1|5900|19840|2340|1951|30174|676|$
!D|1|9148|22808|304|-4157|32767|6514|$
!D|1|14396|25600|396|-6008|32767|1929|$
!D|1|18712|24792|3388|-7778|26461|7581|$
!D|1|17920|18768|468|3451|8251|-1723|$
!D|1|3328|25536|-1992|3084|5580|-4371|$
!D|1|6536|24304|-180|2387|-3007|71|$
!D|1|6880|23180|-2696|714|-14123|3115|$
!D|1|13484|23556|2584|-4516|-26559|5040|$
!D|1|14960|25240|-1400|6396|-32768|2109|$
!D|1|9304|20664|-4880|5210|-32768|2110|$
!D|1|4936|12428|-5012|5627|-32768|10601|$
!D|1|5164|32767|24792|-18008|-11634|-18127|$
!D|1|20572|15472|-6352|5858|655|16842|$
!D|1|10032|22908|908|2947|4431|3862|$
!D|1|7408|21236|4984|2553|21462|3015|$
!D|1|5392|24472|5104|-6660|30928|2920|$
!D|1|8184|24432|2560|-6767|32767|5871|$
!D|1|5420|21592|4080|-3294|23983|4529|$
!D|1|21104|25268|5124|-1948|25759|3682|$
!D|1|21380|23708|7208|4551|21661|-1370|$
!D|1|9748|21984|-724|6789|856|-5977|$
!D|1|8620|18968|-8420|2212|-873|-888|$
!D|1|10392|21552|-800|1634|-4210|349|$
!D|1|23420|25956|-824|2667|-26811|-4165|$
!D|1|14248|28744|4160|12969|-32768|-2295|$
!D|1|24768|30592|2532|573|-32768|2299|$
!D|1|1736|17908|-132|16085|-32768|14861|$
!D|1|9460|19692|12436|-17846|-22707|13632|$
!D|1|12596|28508|5140|-3454|-4493|-14957|$
!D|1|9976|21632|-1816|-911|-186|-4872|$
!D|1|4852|23192|5124|1866|10061|-10233|$
!D|1|2780|20360|6728|777|32767|-6179|$
!D|1|6196|20060|1740|-4977|32767|5462|$
!D|1|10092|24276|2424|-3168|32767|693|$
!D|1|19692|24116|3076|629|32767|5043|$
!D|1|26236|24280|9040|5361|15760|-1444|$
!D|1|12368|27852|4764|12628|2247|-8072|$
!D|1|10716|26952|880|2144|917|-4385|$
!D|1|9064|26784|-184|3664|77|-248|$
!D|1|10740|24060|-52|783|-3073|2335|$
!D|1|15612|25936|-1200|11637|-32768|7976|$
!D|1|11120|18256|-10880|5830|-32768|20837|$
!D|1|19748|10652|-13212|1668|-29965|8175|$
!D|1|6752|15372|-11228|6012|-32768|15356|$
!D|1|25396|32767|32400|-16578|-5914|-8796|$
!D|1|24764|15392|-2232|3718|1152|10382|$
!D|1|12704|24252|1636|-2048|-469|-389|$
!D|1|5888|22936|5624|-2252|19203|-5727|$
!D|1|616|19016|3636|-326|32767|-7963|$
!D|1|4328|19660|1640|-1143|32585|5210|$
!D|1|7096|19576|-2396|-4745|30666|10126|$
!D|1|8748|23408|3132|1544|-4681|-1339|$
!D|1|11900|25040|6228|-147|-21510|-5342|$
!D|1|11280|18516|15208|-1094|-32768|-1855|$
!D|1|1796|13696|7412|4456|-32768|-31390|$
!D|1|15096|25192|-664|9571|-32768|-5330|$
!D|1|13936|19660|-664|-2936|-19624|-5632|$
!D|1|10260|18560|23008|-7007|-8213|-5337|$
!D|1|20288|14668|9960|-16464|-11451|-666|$
!D|1|8708|16872|11732|4960|342|3203|$
!D|1|13532|20172|7556|6436|6467|-3405|$
!D|1|7888|21000|8024|1854|23987|-4241|$
!D|1|4864|18864|2316|3100|32767|1452|$
!D|1|404|19800|9232|-7110|32767|13651|$
!D|1|-896|22032|3268|-14028|32767|11550|$
!D|1|5900|22048|3368|-717|24369|13620|$
!D|1|10560|23296|-152|2702|1075|1220|$
!D|1|10076|21624|-1144|3153|-406|-1814|$
!D|1|9548|23004|1744|-1885|-3067|-2989|$
!D|1|16512|25772|9840|-12623|-25616|-7068|$
!D|1|10828|19352|10640|-18302|-32768|-11504|$
!D|1|10352|22736|11220|2053|10395|8710|$
!D|1|16196|18116|14660|10489|-32768|-11979|$
!D|1|18560|23676|4888|-5237|-32768|1711|$
!D|1|9120|20420|17648|-3240|1177|-4348|$
!D|1|11088|19968|5420|5168|1278|3981|$
!D|1|20604|11080|13044|-16959|6131|7777|$
!D|1|17904|26556|5960|-2785|-11220|-10250|$
!D|1|13744|21948|5540|607|5506|-1265|$
!D|1|4008|17532|13260|-1940|32767|-6891|$
!D|1|-664|20220|6876|-7247|32767|4452|$
!D|1|6752|21240|9956|-63|23205|-6153|$
!D|1|-2960|21240|3320|-7759|30522|10718|$
!D|1|6756|20524|9088|-14315|23799|10023|$
!D|1|7060|23424|956|4082|516|1988|$
!D|1|9084|21528|1572|-1744|-713|2365|$
!D|1|14932|20752|11824|8522|-28256|-14628|$
!D|1|9676|16808|14292|-5407|-32768|-15826|$
!D|1|9192|21648|2160|608|-3564|-1549|$
!D|1|10080|25924|6216|-7389|6230|1993|$
!D|1|12044|20192|8556|18538|-32768|-3714|$
!D|1|16632|25504|-4832|9691|-25375|4102|$
!D|1|13156|23568|5856|3663|-12660|1643|$
!D|1|12108|19868|9492|-12364|-6553|8272|$
!D|1|11936|17360|3632|-88|4595|2376|$
!D|1|9060|20696|10284|1622|-950|-991|$
!D|1|11400|20732|4156|-1629|7739|-4310|$
!D|1|2196|21020|8892|4045|18311|-7905|$
!D|1|4984|19912|1120|3280|20975|-3887|$
!D|1|2972|24604|2072|-289|28555|-4829|$
!D|1|2312|23600|5604|422|30774|4120|$
!D|1|7632|20336|5292|-5425|22238|5001|$
!D|1|9868|22244|1940|-4962|13384|4987|$
!D|1|5512|24464|532|-374|11288|5023|$
!D|1|8300|21652|-984|-4003|-6690|-623|$
!D|1|9000|19776|-2680|-8112|-23919|-5080|$
!D|1|4416|16256|5680|-9793|-32768|1392|$
!D|1|5848|30160|-9052|17885|-21316|-2981|$
!D|1|11180|32124|-12448|10200|-16750|152|$
!D|1|9020|24612|-3356|2497|-16011|-9018|$
!D|1|7868|21624|7572|-9288|-6442|-1775|$
!D|1|11128|18836|6688|1771|1054|1494|$
!D|1|8596|19292|12480|-1598|-844|-6873|$
!D|1|9392|21604|-280|1074|3760|2853|$
!D|1|11328|20312|11184|-270|7757|-5432|$
!D|1|-1476|20468|10248|-7012|32767|1774|$
!D|1|1696|23796|-852|569|29945|4091|$
!D|1|3348|21592|3368|-8691|26458|6317|$
!D|1|6388|20936|3336|-14802|26053|6870|$
!D|1|1216|17920|10376|-1565|32767|-6702|$
!D|1|8260|21328|7144|-7563|14013|6196|$
!D|1|9044|21176|2980|1944|9210|3012|$
!D|1|5536|18248|5448|4070|254|5976|$
!D|1|6976|22344|2124|1642|2672|340|$
!D|1|6012|23220|-1852|2440|-726|-228|$
!D|1|11136|20864|1472|4821|-18898|-6555|$
!D|1|16924|9372|15536|25208|-32768|-18249|$
!D|1|-4884|22596|3752|455|-32768|-22028|$
!D|1|13952|23932|1532|10349|-32768|-3690|$
!D|1|12848|27124|3984|-782|-14064|-5516|$
!D|1|18376|21260|4496|-1726|-783|9579|$
!D|1|11016|18764|4812|660|-1324|1894|$
!D|1|13372|18900|9988|2619|-6319|7964|$
!D|1|12904|20812|6280|-13740|21650|-10030|$
!D|1|13720|19164|4112|-2543|1543|-1598|$
!D|1|-3408|19344|14112|-9071|32767|789|$
!D|1|7984|17816|15460|3332|32767|5824|$
!D|1|6540|20192|8456|-4473|23568|10104|$
!D|1|6940|20264|4764|-4029|21011|10687|$
!D|1|256|19960|15864|-13198|32767|11257|$
!D|1|7500|20748|5136|-3845|3786|147|$
!D|1|9024|20548|3932|3262|2063|313|$
!D|1|6488|22320|2000|628|9|-914|$
!D|1|6804|21704|2036|2546|-584|-1097|$
!D|1|12236|20852|5996|583|-15151|-5285|$
!D|1|17996|18312|21488|20821|-32768|-10391|$
!D|1|18652|25624|1972|11397|-28475|801|$
!D|1|-4132|21784|2344|-4972|-32768|-20820|$
!D|1|0|0|0|0|0|0|$
!D|1|7860|22168|-9376|-5531|4963|3557|$
!D|1|7060|22540|-5040|1334|-836|32|$
!D|1|7960|22704|-4096|812|-1188|197|$
!D|1|5788|24248|-6260|315|-1127|1365|$
!D|1|9740|22164|6808|-10564|-5024|-1390|$
!D|1|8372|27488|5668|-10260|-32768|14429|$
!D|1|22268|19284|-15060|7317|-32768|23915|$
!D|1|10256|25532|18176|1627|-32768|-2035|$
!D|1|-40|22564|32767|-32768|-2441|2575|$
!D|1|29848|3604|168|-19953|157|-16161|$
!D|1|11448|14176|-1892|8221|-5183|9293|$
!D|1|14972|22560|11444|13375|30940|-11496|$
!D|1|552|19712|-4396|18416|32767|-32602|$
!D|1|17456|22348|8188|4278|2774|-6338|$
!D|1|3144|21232|-3656|-600|32767|-7766|$
!D|1|5056|22324|-5208|-6524|32767|-4181|$
!D|1|7892|25188|17180|-4909|12748|3470|$
!D|1|12100|23216|2532|-22294|11691|1957|$
!D|1|9984|25300|13300|7586|-26850|-167|$
!D|1|6232|27468|2972|-5733|-32768|12866|$
!D|1|8008|23636|3884|-1511|-5023|-2567|$
!D|1|4756|6552|-456|-32768|12721|-15529|$
!D|1|27108|4960|-26116|-21921|-22954|21897|$
!D|1|18884|19660|17496|4283|-4980|-1134|$
!D|1|27476|16188|7676|-6903|1176|250|$
!D|1|19056|16612|-11012|3594|-32768|32767|$
!D|1|20172|20548|6892|3228|8565|-1890|$
!D|1|13952|18880|9520|15896|32767|-31774|$
!D|1|-10088|18460|-8196|18997|32767|-32768|$
!D|1|-312|20508|-6116|-8033|32767|-3019|$
!D|1|8840|22888|-148|-16310|14329|-1327|$
!D|1|5668|24656|3360|-19960|20318|-6319|$
!D|1|6056|24440|2140|643|-6491|-2179|$
!D|1|10320|22848|2876|4189|-15670|-1033|$
!D|1|3900|23260|6408|1252|-32768|-4635|$
!D|1|19108|21184|-6376|791|-32768|25529|$
!D|1|14148|20292|8400|-18477|-4122|-9225|$
!D|1|7600|25156|16464|-2608|12134|1134|$
!D|1|19028|21996|-12888|-6371|-29655|16909|$
!D|1|13128|20372|17396|-18567|-3812|1730|$
!D|1|20656|18360|7364|1494|768|189|$
!D|1|14812|20508|5860|2119|-2787|2799|$
!D|1|15292|19952|9528|11122|15581|-11099|$
!D|1|1332|14584|3052|15527|32767|-32768|$
!D|1|-11904|15340|-12064|-13640|32767|-18628|$
!D|1|9892|24372|16428|-18852|2920|-3535|$
!D|1|8512|22192|1180|-23770|32767|1686|$
!D|1|9928|22748|3740|1259|-6170|2930|$
!D|1|7696|23360|3496|2587|-2702|4095|$
!D|1|11108|22364|11624|5304|-32768|-2038|$
!D|1|9700|26020|960|3866|-32768|14568|$
!D|1|30736|11396|-15804|-17809|-8631|4405|$
!D|1|14796|21908|-12920|7600|-32768|32218|$
!D|1|4832|19196|29236|-32768|2552|-5418|$
!D|1|14372|19096|10836|-1476|-2925|1152|$
!D|1|18708|21316|7540|3590|2442|628|$
!D|1|1784|17988|1972|8774|32767|-30904|$
!D|1|19416|20276|5792|17307|18354|-19737|$
!D|1|-6836|20720|-336|-18775|32767|-7724|$
!D|1|7772|22476|-2004|-15404|32767|-1925|$
!D|1|7976|27368|21676|-15915|7820|-794|$
!D|1|10212|23256|4036|211|-4870|314|$
!D|1|6416|23664|6392|1761|-32768|-4027|$
!D|1|4628|24916|1268|3577|-1398|1936|$
!D|1|-652|26084|9392|-232|-32768|5319|$
!D|1|20324|21940|-10588|8862|-32768|13765|$
!D|1|26636|14304|-14176|-10342|-27772|21155|$
!D|1|13652|27460|16768|3327|-3679|-2931|$
!D|1|11572|9336|12524|-32768|6637|-6840|$
!D|1|18976|14576|-188|-3263|2745|2596|$
!D|1|6896|14572|3728|17935|32767|-32768|$
!D|1|12412|22468|7200|14651|16239|-10876|$
!D|1|-10024|18088|-5096|-10451|32767|-10024|$
!D|1|2368|28856|15408|-12028|14636|-202|$
!D|1|6088|25284|6244|-4351|288|2154|$
!D|1|6616|21488|2468|-18524|32767|2721|$
!D|1|10420|22940|6792|-2064|-10046|-3192|$
!D|1|9964|22612|19272|7189|-32768|-11801|$
!D|1|-3132|25308|6392|17278|-32768|8552|$
!D|1|9900|23596|-13544|17580|-32768|30733|$
!D|1|32767|4740|-7928|-17016|-3758|13492|$
!D|1|10736|19536|8904|14304|-5131|-2084|$
!D|1|22572|21808|8204|-4091|5558|-4397|$
!D|1|6324|13256|29916|-32768|8609|-2214|$
!D|1|13048|18948|3668|6638|32277|-26360|$
!D|1|-16040|15284|-3444|63|32767|-32768|$
!D|1|-3132|16152|4376|-16242|32767|-3975|$
!D|1|6064|24588|540|-16525|32767|1867|$
!D|1|580|28632|4912|-17462|-4033|-557|$
!D|1|11832|21028|1860|-2382|2137|5587|$
!D|1|10020|23284|11528|-2312|-32768|-7451|$
!D|1|10512|25524|2788|3510|-32768|16735|$
!D|1|11224|22288|6540|-64|-10850|-786|$
!D|1|15812|19280|-13392|15287|-32768|26070|$
!D|1|29616|9736|-880|-19842|-3791|-4225|$
!D|1|0|0|0|0|0|0|$
!D|1|4836|22688|-784|789|-595|12|$
!D|1|5092|22552|-1212|201|43|-45|$
!D|1|4656|22396|-920|106|465|-21|$
!D|1|6496|25980|1528|4484|-8269|1520|$
!D|1|10548|27184|3008|2311|-32768|19554|$
!D|1|3440|21868|32767|-32768|-605|6366|$
!D|1|11108|15724|-8604|4726|-32768|8227|$
!D|1|11468|21140|28920|-25368|-19273|-16032|$
!D|1|8412|17092|-4664|18521|-32768|4286|$
!D|1|1364|26444|4540|514|3658|-2143|$
!D|1|-884|24164|3164|-1234|3133|-3380|$
!D|1|5752|20444|272|-227|31311|-3931|$
!D|1|1236|23472|4572|4527|15298|-6531|$
!D|1|6492|21800|-1292|-9836|32767|2116|$
!D|1|13020|25292|2964|-10216|32767|2452|$
!D|1|16908|26276|8836|-8818|25923|4321|$
!D|1|12944|26052|8580|4482|10705|-1228|$
!D|1|6276|24068|-3616|-2090|-2644|2115|$
!D|1|5004|23388|-1012|4249|-3324|574|$
!D|1|15524|23996|-564|2374|-32768|21347|$
!D|1|8512|24888|3360|2455|-13195|3139|$
!D|1|11164|25652|3172|-1717|-32768|8197|$
!D|1|23252|19736|-3636|5379|-32768|2698|$
!D|1|536|9396|3236|-14406|-24615|-4332|$
!D|1|3152|32767|19920|-9581|1771|-6229|$
!D|1|19260|19248|-3372|4175|-73|3173|$
!D|1|15072|24768|1480|-132|7055|1638|$
!D|1|14344|21772|6444|1388|22654|606|$
!D|1|6588|25968|5872|-2703|28090|-5990|$
!D|1|4948|25372|6124|-3183|32767|-5640|$
!D|1|8936|21600|5532|-2387|14895|-2311|$
!D|1|9732|21576|-1764|-4982|32767|3229|$
!D|1|12612|21520|1428|-6921|26458|124|$
!D|1|6144|21500|-1472|3779|1844|439|$
!D|1|7792|19888|-2716|167|-4237|-86|$
!D|1|5532|21900|-1788|-2139|-2895|1109|$
!D|1|15516|28060|5840|6396|-31749|1741|$
!D|1|15852|24716|-2644|9738|-32768|5641|$
!D|1|9408|24752|5108|4931|-14444|-1076|$
!D|1|17588|16076|-8376|12455|-32768|3968|$
!D|1|10188|14976|16084|-17704|-27020|1148|$
!D|1|4916|32767|10520|-5793|-7961|-8476|$
!D|1|7528|20396|-2016|979|-30|-1028|$
!D|1|8984|27564|3172|1474|4735|-3004|$
!D|1|7260|21324|4580|4573|21490|-5563|$
!D|1|5900|19840|2340|1951|30174|676|$
!D|1|9148|22808|304|-4157|32767|6514|$
!D|1|14396|25600|396|-6008|32767|1929|$
!D|1|18712|24792|3388|-7778|26461|7581|$
!D|1|17920|18768|468|3451|8251|-1723|$
!D|1|3328|25536|-1992|3084|5580|-4371|$
!D|1|6536|24304|-180|2387|-3007|71|$
!D|1|6880|23180|-2696|714|-14123|3115|$
!D|1|13484|23556|2584|-4516|-26559|5040|$
!D|1|14960|25240|-1400|6396|-32768|2109|$
!D|1|9304|20664|-4880|5210|-32768|2110|$
!D|1|4936|12428|-5012|5627|-32768|10601|$
!D|1|5164|32767|24792|-18008|-11634|-18127|$
!D|1|20572|15472|-6352|5858|655|16842|$
!D|1|10032|22908|908|2947|4431|3862|$
!D|1|7408|21236|4984|2553|21462|3015|$
!D|1|5392|24472|5104|-6660|30928|2920|$
!D|1|8184|24432|2560|-6767|32767|5871|$
!D|1|5420|21592|4080|-3294|23983|4529|$
!D|1|21104|25268|5124|-1948|25759|3682|$
!D|1|21380|23708|7208|4551|21661|-1370|$
!D|1|9748|21984|-724|6789|856|-5977|$
!D|1|8620|18968|-8420|2212|-873|-888|$
!D|1|10392|21552|-800|1634|-4210|349|$
!D|1|23420|25956|-824|2667|-26811|-4165|$
!D|1|14248|28744|4160|12969|-32768|-2295|$
!D|1|24768|30592|2532|573|-32768|2299|$
!D|1|1736|17908|-132|16085|-32768|14861|$
!D|1|9460|19692|12436|-17846|-22707|13632|$
!D|1|12596|28508|5140|-3454|-4493|-14957|$
!D|1|9976|21632|-1816|-911|-186|-4872|$
!D|1|4852|23192|5124|1866|10061|-10233|$
!D|1|2780|20360|6728|777|32767|-6179|$
!D|1|6196|20060|1740|-4977|32767|5462|$
!D|1|10092|24276|2424|-3168|32767|693|$
!D|1|19692|24116|3076|629|32767|5043|$
!D|1|26236|24280|9040|5361|15760|-1444|$
!D|1|12368|27852|4764|12628|2247|-8072|$
!D|1|10716|26952|880|2144|917|-4385|$
!D|1|9064|26784|-184|3664|77|-248|$
!D|1|10740|24060|-52|783|-3073|2335|$
!D|1|15612|25936|-1200|11637|-32768|7976|$
!D|1|11120|18256|-10880|5830|-32768|20837|$
!D|1|19748|10652|-13212|1668|-29965|8175|$
!D|1|6752|15372|-11228|6012|-32768|15356|$
!D|1|25396|32767|32400|-16578|-5914|-8796|$
!D|1|24764|15392|-2232|3718|1152|10382|$
!D|1|12704|24252|1636|-2048|-469|-389|$
!D|1|5888|22936|5624|-2252|19203|-5727|$
!D|1|616|19016|3636|-326|32767|-7963|$
!D|1|4328|19660|1640|-1143|32585|5210|$
!D|1|7096|19576|-2396|-4745|30666|10126|$
!D|1|8748|23408|3132|1544|-4681|-1339|$
!D|1|11900|25040|6228|-147|-21510|-5342|$
!D|1|11280|18516|15208|-1094|-32768|-1855|$
!D|1|1796|13696|7412|4456|-32768|-31390|$
!D|1|15096|25192|-664|9571|-32768|-5330|$
!D|1|13936|19660|-664|-2936|-19624|-5632|$
!D|1|10260|18560|23008|-7007|-8213|-5337|$
!D|1|20288|14668|9960|-16464|-11451|-666|$
!D|1|8708|16872|11732|4960|342|3203|$
!D|1|13532|20172|7556|6436|6467|-3405|$
!D|1|7888|21000|8024|1854|23987|-4241|$
!D|1|4864|18864|2316|3100|32767|1452|$
!D|1|404|19800|9232|-7110|32767|13651|$
!D|1|-896|22032|3268|-14028|32767|11550|$
!D|1|5900|22048|3368|-717|24369|13620|$
!D|1|10560|23296|-152|2702|1075|1220|$
!D|1|10076|21624|-1144|3153|-406|-1814|$
!D|1|9548|23004|1744|-1885|-3067|-2989|$
!D|1|16512|25772|9840|-12623|-25616|-7068|$
!D|1|10828|19352|10640|-18302|-32768|-11504|$
!D|1|10352|22736|11220|2053|10395|8710|$
!D|1|16196|18116|14660|10489|-32768|-11979|$
!D|1|18560|23676|4888|-5237|-32768|1711|$
!D|1|9120|20420|17648|-3240|1177|-4348|$
!D|1|11088|19968|5420|5168|1278|3981|$
!D|1|20604|11080|13044|-16959|6131|7777|$
!D|1|17904|26556|5960|-2785|-11220|-10250|$
!D|1|13744|21948|5540|607|5506|-1265|$
!D|1|4008|17532|13260|-1940|32767|-6891|$
!D|1|-664|20220|6876|-7247|32767|4452|$
!D|1|6752|21240|9956|-63|23205|-6153|$
!D|1|-2960|21240|3320|-7759|30522|10718|$
!D|1|6756|20524|9088|-14315|23799|10023|$
!D|1|7060|23424|956|4082|516|1988|$
!D|1|9084|21528|1572|-1744|-713|2365|$
!D|1|14932|20752|11824|8522|-28256|-14628|$
!D|1|9676|16808|14292|-5407|-32768|-15826|$
!D|1|9192|21648|2160|608|-3564|-1549|$
!D|1|10080|25924|6216|-7389|6230|1993|$
!D|1|12044|20192|8556|18538|-32768|-3714|$
!D|1|16632|25504|-4832|9691|-25375|4102|$
!D|1|13156|23568|5856|3663|-12660|1643|$
!D|1|12108|19868|9492|-12364|-6553|8272|$
!D|1|11936|17360|3632|-88|4595|2376|$
!D|1|9060|20696|10284|1622|-950|-991|$
!D|1|11400|20732|4156|-1629|7739|-4310|$
!D|1|2196|21020|8892|4045|18311|-7905|$
!D|1|4984|19912|1120|3280|20975|-3887|$
!D|1|2972|24604|2072|-289|28555|-4829|$
!D|1|2312|23600|5604|422|30774|4120|$
!D|1|7632|20336|5292|-5425|22238|5001|$
!D|1|9868|22244|1940|-4962|13384|4987|$
!D|1|5512|24464|532|-374|11288|5023|$
!D|1|8300|21652|-984|-4003|-6690|-623|$
!D|1|9000|19776|-2680|-8112|-23919|-5080|$
!D|1|4416|16256|5680|-9793|-32768|1392|$
!D|1|5848|30160|-9052|17885|-21316|-2981|$
!D|1|11180|32124|-12448|10200|-16750|152|$
!D|1|9020|24612|-3356|2497|-16011|-9018|$
!D|1|7868|21624|7572|-9288|-6442|-1775|$
!D|1|11128|18836|6688|1771|1054|1494|$
!D|1|8596|19292|12480|-1598|-844|-6873|$
!D|1|9392|21604|-280|1074|3760|2853|$
!D|1|11328|20312|11184|-270|7757|-5432|$
!D|1|-1476|20468|10248|-7012|32767|1774|$
!D|1|1696|23796|-852|569|29945|4091|$
!D|1|3348|21592|3368|-8691|26458|6317|$
!D|1|6388|20936|3336|-14802|26053|6870|$
!D|1|1216|17920|10376|-1565|32767|-6702|$
!D|1|8260|21328|7144|-7563|14013|6196|$
!D|1|9044|21176|2980|1944|9210|3012|$
!D|1|5536|18248|5448|4070|254|5976|$
!D|1|6976|22344|2124|1642|2672|340|$
!D|1|6012|23220|-1852|2440|-726|-228|$
!D|1|11136|20864|1472|4821|-18898|-6555|$
!D|1|16924|9372|15536|25208|-32768|-18249|$
!D|1|-4884|22596|3752|455|-32768|-22028|$
!D|1|13952|23932|1532|10349|-32768|-3690|$
!D|1|12848|27124|3984|-782|-14064|-5516|$
!D|1|18376|21260|4496|-1726|-783|9579|$
!D|1|11016|18764|4812|660|-1324|1894|$
!D|1|13372|18900|9988|2619|-6319|7964|$
!D|1|12904|20812|6280|-13740|21650|-10030|$
!D|1|13720|19164|4112|-2543|1543|-1598|$
!D|1|-3408|19344|14112|-9071|32767|789|$
!D|1|7984|17816|15460|3332|32767|5824|$
!D|1|6540|20192|8456|-4473|23568|10104|$
!D|1|6940|20264|4764|-4029|21011|10687|$
!D|1|256|19960|15864|-13198|32767|11257|$
!D|1|7500|20748|5136|-3845|3786|147|$
!D|1|9024|20548|3932|3262|2063|313|$
!D|1|6488|22320|2000|628|9|-914|$
!D|1|6804|21704|2036|2546|-584|-1097|$
!D|1|12236|20852|5996|583|-15151|-5285|$
!D|1|17996|18312|21488|20821|-32768|-10391|$
!D|1|18652|25624|1972|11397|-28475|801|$
!D|1|-4132|21784|2344|-4972|-32768|-20820|$